---
build/favicon-16x16.png: 2017-03-02 10:54:05.000000000 -05:00
build/apple-icon.png: 2017-03-02 10:54:05.000000000 -05:00
build/apple-icon-144x144.png: 2017-03-02 10:54:05.000000000 -05:00
build/android-icon-192x192.png: 2017-03-02 10:54:05.000000000 -05:00
build/apple-icon-precomposed.png: 2017-03-02 10:54:05.000000000 -05:00
build/apple-icon-114x114.png: 2017-03-02 10:54:05.000000000 -05:00
build/ms-icon-310x310.png: 2017-03-02 10:54:06.000000000 -05:00
build/ms-icon-144x144.png: 2017-03-02 10:54:06.000000000 -05:00
build/apple-icon-57x57.png: 2017-03-02 10:54:05.000000000 -05:00
build/apple-icon-152x152.png: 2017-03-02 10:54:05.000000000 -05:00
build/ms-icon-150x150.png: 2017-03-02 10:54:06.000000000 -05:00
build/android-icon-72x72.png: 2017-03-02 10:54:05.000000000 -05:00
build/android-icon-96x96.png: 2017-03-02 10:54:05.000000000 -05:00
build/android-icon-36x36.png: 2017-03-02 10:54:05.000000000 -05:00
build/apple-icon-180x180.png: 2017-03-02 10:54:05.000000000 -05:00
build/favicon-96x96.png: 2017-03-02 10:54:06.000000000 -05:00
build/android-icon-48x48.png: 2017-03-02 10:54:05.000000000 -05:00
build/apple-icon-76x76.png: 2017-03-02 10:54:05.000000000 -05:00
build/apple-icon-60x60.png: 2017-03-02 10:54:05.000000000 -05:00
build/assets/img/sprite-action-black.png: 2017-03-02 10:31:47.000000000 -05:00
build/assets/img/scene7/ZoomOutButton_light_sprite.png: 2017-03-02 10:54:05.000000000
  -05:00
build/assets/img/scene7/ZoomResetButton_light_sprite.png: 2017-03-02 10:54:05.000000000
  -05:00
build/assets/img/scene7/FullScreenButton_light_sprite.png: 2017-03-02 10:54:05.000000000
  -05:00
build/assets/img/scene7/ZoomInButton_light_sprite.png: 2017-03-02 10:54:05.000000000
  -05:00
build/assets/img/ic_info_outline_black.png: 2017-03-02 10:31:47.000000000 -05:00
build/assets/img/ic_forward_white.png: 2017-03-02 10:31:47.000000000 -05:00
build/assets/img/ic_arrow_drop_up_black.png: 2017-03-02 10:31:47.000000000 -05:00
build/assets/img/ic_forward.png: 2017-03-02 10:31:47.000000000 -05:00
build/assets/img/ic_zoom_in_white.png: 2017-03-02 10:31:47.000000000 -05:00
build/assets/img/ic_arrow_drop_down_black.png: 2017-03-02 10:31:47.000000000 -05:00
build/assets/img/shapes.svg: 2017-03-02 10:31:47.000000000 -05:00
build/assets/img/ic_visibility.png: 2017-03-02 10:31:47.000000000 -05:00
build/assets/img/ic_phone_black.png: 2017-03-02 10:31:47.000000000 -05:00
build/assets/img/svgs/logo.svg: 2018-03-12 16:44:26.587181376 -04:00
build/assets/img/ic_zoom_in.png: 2017-03-02 10:31:47.000000000 -05:00
build/assets/img/logo-small.png: 2017-03-02 10:54:05.000000000 -05:00
build/assets/img/ic_email_black.png: 2017-03-02 10:31:47.000000000 -05:00
build/assets/img/ic_visibility_white.png: 2017-03-02 10:31:47.000000000 -05:00
build/assets/img/ic_cancel_black.png: 2017-03-02 10:31:47.000000000 -05:00
build/assets/img/logo_placeholder.gif: 2017-03-02 10:54:05.000000000 -05:00
build/android-icon-144x144.png: 2017-03-02 10:54:05.000000000 -05:00
build/apple-icon-72x72.png: 2017-03-02 10:54:05.000000000 -05:00
build/apple-icon-120x120.png: 2017-03-02 10:54:05.000000000 -05:00
build/favicon-32x32.png: 2017-03-02 10:54:06.000000000 -05:00
build/ms-icon-70x70.png: 2017-03-02 10:54:06.000000000 -05:00
